name: MRF
channels:
  - defaults
dependencies:
  - blas=1.0
  - bzip2=1.0.8
  - ca-certificates=2026.3.19
  - cairo=1.18.4
  - contourpy=1.3.1
  - cycler=0.12.1
  - expat=2.8.0
  - fontconfig=2.15.0
  - fonttools=4.62.1
  - freetype=2.14.1
  - graphite2=1.3.14
  - harfbuzz=12.3.0
  - icu=78.3
  - intel-openmp=2025.0.0
  - jpeg=9f
  - kiwisolver=1.4.9
  - lcms2=2.16
  - lerc=3.0
  - libdeflate=1.17
  - libexpat=2.8.0
  - libffi=3.4.8
  - libglib=2.86.3
  - libhwloc=2.12.1
  - libiconv=1.18
  - libkrb5=1.22.1
  - libpng=1.6.56
  - libpq=17.9
  - libtiff=4.5.1
  - libwebp-base=1.6.0
  - libxml2=2.13.9
  - libzlib=1.3.1
  - lz4-c=1.9.4
  - matplotlib=3.10.9
  - matplotlib-base=3.10.9
  - mkl=2025.0.0
  - mkl-service=2.5.2
  - mkl_fft=2.2.0
  - mkl_random=1.3.0
  - mysql-common=9.3.0
  - mysql-libs=9.3.0
  - numpy=2.2.5
  - numpy-base=2.2.5
  - openjpeg=2.5.2
  - openssl=3.5.6
  - packaging=26.0
  - pcre2=10.46
  - pillow=11.1.0
  - pip=26.0.1
  - pixman=0.46.4
  - pybind11-abi=5
  - pyparsing=3.2.5
  - pyqt=6.11.0
  - pyqt6-sip=13.11.1
  - python=3.10.20
  - python-dateutil=2.9.0post0
  - qtbase=6.11.0
  - qtdeclarative=6.11.0
  - qtsvg=6.11.0
  - qttools=6.11.0
  - qtwebchannel=6.11.0
  - qtwebsockets=6.11.0
  - scipy=1.15.3
  - setuptools=82.0.1
  - sip=6.15.1
  - six=1.17.0
  - sqlite=3.51.2
  - tbb=2022.3.0
  - tbb-devel=2022.3.0
  - tk=8.6.15
  - tomli=2.4.0
  - tornado=6.5.5
  - tzdata=2026a
  - ucrt=10.0.22621.0
  - vc=14.3
  - vc14_runtime=14.44.35208
  - vs2015_runtime=14.44.35208
  - wheel=0.46.3
  - xz=5.8.2
  - zlib=1.3.1
  - zstd=1.5.7
  - pip:
      - colorama==0.4.6
      - h5py==3.16.0
      - llvmlite==0.47.0
      - numba==0.65.1
      - pywavelets==1.8.0
      - sigpy==0.1.27
      - sycomore==1.3.2
      - tqdm==4.67.3
prefix: D:\anaconda\envs\MRF
